000138
000144
000199
000220
000374
000375
000378
000379
000453
000562
000573
000623
000628
000644
000687
000691
000750
000752
000777
000888
001017
001046
001110
001163
001298
001350
001364
001471
001480
001548
001609
001706
001713
001876
001940
001980
002009
002013
002141
002222
002262
002287
002356
002465
002507
002604
002617
002632
003049
003136
003150
003232
003244
003285
003358
003400
003406
003428
003455
003471
003488
003508
003557
003612
003634
003646
003660
003707
003732
003786
003805
003942
004018
004058
004118
004151
004262
004353
004474
004532
004574
004583
004602
004854
004888
004916
004930
004976
005133
005174
005180
005198
005266
005320
005348
005429
005583
005616
005666
005784
005819
005837
005866
005962
005981
006095
006108
006133
006176
006284
006299
006323
006362
006493
006506
006551
006627
006643
006659
006857
006900
006953
006991
006992
007017
007052
007055
007071
007085
007154
007238
007386
007412
007424
007552
007698
007732
007829
007850
007889
007954
007984
008004
008044
008052
008115
008165
008167
008331
008398
008478
008492
008692
008758
008774
008866
008880
008885
008932
009003
009024
009065
009070
009162
009198
009247
009338
009343
009355
009570
009588
009643
009695
009727
009754
009757
009792
009872
009874
009876
009903
009938
009971
010125
010186
010462
010783
010819
010879
010887
010923
010974
011082
011108
011132
011140
011300
011419
011586
011756
011759
011778
011924
011947
012123
012173
012176
012233
012471
012488
012574
012575
012707
012748
012915
012956
012958
013003
013027
013070
013075
013133
013135
013203
013206
013221
013298
013386
013443
013467
013496
013497
013506
013597
013622
013636
013641
013668
013673
013701
013781
013863
013868
013951
013957
014009
014328
014429
014465
014466
014471
014557
014577
014620
014657
014677
014726
014789
014894
014962
014990
015088
015171
015245
015325
015344
015354
015369
015433
015472
015509
015575
015599
015622
015623
015642
015647
015710
015764
015846
015853
015947
015955
015979
016099
016169
016182
016213
016216
016283
016298
016375
016388
016426
016427
016499
016534
016545
016594
016641
016693
016695
016767
016768
016820
016875
016912
016913
016916
016950
016976
017277
017286
017419
017577
017640
017661
017675
017702
017753
017785
017790
017865
017875
017892
017953
018062
018081
018151
018175
018247
018262
018310
018314
018401
018417
018420
018443
018453
018575
018629
018653
018702
018754
018942
019154
019161
019180
019198
019209
019211
019216
019249
019250
019265
019274
019328
019393
019433
019461
019525
019564
019575
019576
019696
019801
019877
020018
020199
020270
020328
020381
020449
020582
020584
020652
020693
020717
020769
020846
020882
020951
021134
021143
021180
021202
021208
021250
021349
021605
021637
021774
021928
022000
022060
022108
022155
022271
022304
022367
022438
022496
022521
022548
022654
022667
022712
022826
022879
022905
022913
022960
022977
023015
023040
023199
023231
023235
023340
023373
023390
023423
023442
023512
023549
023668
023750
023786
023814
023903
023919
023922
023943
024041
024115
024184
024187
024202
024290
024306
024310
024406
024585
024609
024628
024714
024776
024790
024846
024985
025015
025050
025054
025083
025115
025133
025149
025154
025175
025185
025224
025265
025350
025383
025485
025686
025720
025837
025882
025991
026135
026156
026171
026233
026365
026375
026454
026531
026545
026555
026639
026660
026676
026680
026690
026700
026721
026734
026923
026936
027059
027063
027113
027218
027241
027248
027263
027283
027307
027318
027556
027594
027624
027665
027700
027736
027823
027827
027865
027945
028157
028209
028271
028272
028313
028377
028469
028484
028525
028698
028929
028951
029079
029185
029228
029242
029336
029428
029442
029544
029618
029638
029747
029804
029876
029882
029946
029951
029982
029983
030123
030140
030142
030149
030158
030296
030299
030334
030344
030384
030416
030475
030487
030524
030651
030704
030730
030892
030912
030991
031016
031063
031067
031150
031192
031301
031407
031414
031422
031643
031697
031783
031795
031831
031843
031851
031896
031902
031913
031930
031935
032064
032209
032242
032372
032462
032542
032643
032674
032719
032722
032725
032799
032841
032843
032887
032922
032936
032939
033057
033089
033234
033254
033275
033290
033318
033338
033413
033427
033496
033508
033526
033591
033656
033665
033669
033692
033877
033952
033976
034015
034082
034101
034107
034122
034142
034157
034227
034234
034242
034263
034304
034412
034516
034533
034544
034572
034722
034783
034824
034855
034981
035035
035038
035083
035106
035120
035221
035228
035274
035283
035297
035351
035445
035520
035827
035829
035849
035864
035892
036069
036220
036270
036353
036416
036421
036561
036568
036569
036574
036598
036871
036903
036906
036934
037063
037069
037097
037108
037125
037176
037195
037282
037312
037318
037339
037380
037469
037530
037560
037596
037708
037724
037806
037849
037917
037945
037953
037958
038005
038070
038128
038150
038154
038215
038230
038240
038243
038295
038299
038323
038363
038403
038495
038552
038568
038733
038786
038794
038934
038946
039083
039115
039134
039214
039238
039267
039354
039427
039480
039543
039576
039812
039841
039886
039940
040065
040174
040194
040280
040399
040460
040492
040503
040537
040569
040648
040704
040711
040773
040892
040893
040896
040922
040943
040945
040991
041079
041119
041133
041139
041152
041162
041325
041399
041450
041487
041525
041543
041577
041610
041616
041644
041671
041743
041791
041835
041861
041885
041947
041955
042073
042096
042208
042284
042294
042359
042371
042387
042392
042416
042436
042441
042679
042769
042879
042962
043039
043115
043118
043134
043276
043286
043305
043358
043361
043393
043396
043416
043588
043617
043806
043879
044007
044064
044077
044094
044149
044184
044232
044249
044317
044396
044540
044666
044788
044831
044926
045023
045030
045060
045129
045165
045167
045200
045236
045303
045314
045346
045415
045492
045500
045565
045574
045580
045623
045657
045768
045891
045897
045958
045961
046162
046199
046227
046343
046351
046389
046451
046545
046573
046724
046761
046861
046890
046933
046952
047007
047040
047052
047171
047421
047433
047456
047494
047574
047576
047664
047706
047720
047722
047751
047835
047924
047932
047933
047986
048012
048015
048042
048086
048106
048142
048178
048196
048286
048312
048382
048437
048461
048523
048627
048706
048775
048784
048799
048804
048851
048858
048906
048965
049050
049082
049277
049362
049382
049420
049473
049550
049582
049650
049669
049737
049768
049784
049851
049852
049893
049899
049969
049974
050061
050118
050203
050222
050261
050344
050356
050360
050435
050535
050550
050593
050597
050722
050780
050786
050793
050815
050836
050915
050922
051074
051092
051134
051217
051245
051262
051312
051336
051407
051424
051542
051593
051610
051652
051788
051804
051851
051871
052195
052208
052216
052255
052320
052360
052483
052513
052531
052544
052573
052651
052673
052735
052767
052775
052794
052888
052904
052933
052961
052975
052988
053006
053061
053107
053176
053247
053338
053378
053424
053474
053710
053718
053750
053796
053829
054008
054048
054051
054066
054135
054171
054235
054268
054379
054401
054446
054605
054651
054682
054812
054890
055053
055060
055084
055099
055306
055362
055367
055403
055474
055520
055528
055533
055547
055556
055587
055662
055677
055689
055694
055738
055832
055909
056066
056080
056102
056107
056158
056187
056263
056266
056341
056375
056395
056534
056578
056595
056612
056693
056694
056715
056726
056748
056751
056809
056922
056961
056967
056993
057069
057095
057153
057194
057298
057300
057358
057400
057421
057462
057506
057594
057597
057599
057667
057793
058067
058152
058183
058281
058310
058373
058426
058457
058543
059138
059236
059271
059358
059373
059400
059473
059491
059691
059875
059922
059961
059966
059977
060026
060204
060240
060271
060328
060377
060394
060402
060568
060578
060588
060597
060615
060656
060720
060858
060926
060937
060948
060952
060992
061035
061113
061140
061206
061211
061264
061283
061323
061341
061355
061419
061468
061482
061532
061558
061574
061595
061598
061618
061663
061761
061802
062023
062056
062106
062313
062356
062380
062440
062478
062559
062720
062986
063003
063057
063062
063082
063097
063147
063233
063310
063390
063412
063446
063468
063493
063526
063556
063575
063656
063675
063750
063842
063880
063912
063986
064026
064132
064210
064213
064234
064272
064496
064520
064554
064565
064628
064714
064720
064842
065014
065059
065073
065083
065137
065225
065381
065440
065451
065452
065475
065618
065621
065636
065664
065718
065830
065887
066035
066061
066074
066089
066112
066163
066180
066216
066256
066272
066430
066506
066514
066613
066651
066707
066728
066736
066788
066803
066891
066905
066964
067035
067115
067122
067365
067425
067610
067624
067684
067712
067909
068053
068195
068208
068275
068309
068379
068387
068398
068404
068576
068704
068746
068788
068875
068933
068957
068970
069058
069081
069204
069218
069260
069305
069476
069484
069522
069540
069607
069654
069696
069706
069735
069794
069967
069991
070167
070186
070206
070290
070309
070359
070366
070446
070460
070507
070545
071146
071204
071208
071418
071424
071441
071507
071545
071568
071641
071665
071699
071749
071756
072050
072109
072118
072123
072158
072192
072218
072310
072432
072486
072555
072573
072673
072681
072763
072789
072802
072813
072824
072953
072971
072993
073053
073135
073139
073162
073165
073306
073427
073428
073489
073568
073617
073623
073685
073737
073778
073803
073933
073945
074095
074167
074225
074248
074304
074340
074361
074386
074397
074476
074561
074603
074637
074672
074710
074864
074960
074987
075025
075027
075124
075211
075248
075286
075297
075347
075391
075505
075553
075593
075653
075751
075757
075991
075999
076082
076128
076150
076295
076350
076356
076390
076416
076425
076453
076500
076525
076572
076579
076623
076775
076834
076838
076855
076922
076950
077109
077168
077246
077320
077327
077348
077429
077431
077433
077495
077537
077550
077552
077579
077680
077692
077695
077734
077818
077889
077964
078013
078080
078324
078450
078642
078677
078679
078731
078777
078794
078799
078829
078977
078980
079109
079228
079241
079282
079339
079403
079419
079712
079721
079778
079910
079936
079944
079998
080085
080086
080165
080209
080339
080475
080524
080530
080588
080720
080743
080791
080857
080891
080913
080941
080970
080976
080995
081224
081286
081369
081374
081633
081661
081682
081753
081834
081944
082153
082263
082290
082374
082491
082578
082588
082601
082620
082631
082673
082708
082760
082784
082873
082880
082888
082909
083088
083119
083164
083194
083217
083235
083286
083307
083404
083424
083468
083507
083515
083525
083698
083719
083723
083828
083830
083866
083894
083919
084115
084125
084149
084167
084200
084271
084288
084455
084493
084535
084536
084560
084604
084657
084874
084900
084956
085036
085040
085205
085266
085289
085360
085435
085616
085651
085685
085850
085869
085949
085982
085984
085994
086020
086044
086083
086104
086181
086292
086365
086393
086403
086419
086496
086627
086657
086680
086703
086730
086827
086872
086980
086995
086997
086999
087003
087033
087056
087067
087093
087162
087172
087220
087255
087267
087371
087418
087502
087606
087630
087692
087718
087735
087770
087829
087873
087930
088034
088089
088243
088380
088491
088811
088821
088845
088950
088964
088988
089007
089021
089133
089154
089172
089248
089414
089439
089471
089515
089566
089591
089614
089634
089645
089745
089792
089813
090093
090167
090227
090286
090300
090327
090330
090405
090437
090540
090585
090731
090812
090824
090867
090870
090872
090915
090919
090958
090982
091097
091104
091455
091467
091590
091605
091607
091667
091681
091725
091895
091902
092022
092103
092143
092161
092196
092214
092311
092394
092560
092576
092773
092830
092863
093039
093054
093057
093229
093256
093293
093398
093453
093495
093560
093600
093620
093670
093691
093872
094019
094111
094134
094147
094183
094208
094242
094250
094370
094380
094482
094574
094600
094627
094649
094717
094753
094848
094902
094923
094984
095152
095162
095188
095244
095308
095310
095372
095448
095498
095549
095569
095575
095618
095843
095862
095940
095949
095951
095974
096060
096065
096078
096135
096210
096336
096414
096586
096663
096676
096778
096848
096917
096924
096942
096949
097042
097060
097068
097166
097194
097201
097255
097262
097315
097337
097507
097598
097737
097807
097850
097880
097915
098002
098019
098042
098154
098265
098292
098330
098368
098443
098515
098562
098646
098786
098808
098858
098934
098953
098996
099089
099141
099148
099275
099300
099414
099756
099789
099835
100317
100325
100342
100349
100398
100629
100732
100953
100963
100982
101090
101132
101219
101225
101362
101448
101451
101509
101527
101528
101579
101589
101666
101691
101705
101720
101787
101858
101994
102012
102070
102084
102097
102099
102127
102290
102345
102410
102472
102514
102526
102593
102737
102793
102810
102871
102955
102962
102973
102978
102998
103037
103059
103195
103256
103276
103326
103363
103371
103424
103437
103547
103645
103706
103757
103765
103771
103796
103910
103961
103965
104000
104005
104101
104198
104323
104389
104393
104426
104509
104564
104578
104625
104799
104899
105065
105104
105106
105282
105308
105336
105394
105445
105475
105533
105624
105666
105674
105885
105957
105963
106004
106007
106055
106155
106186
106207
106333
106354
106396
106404
106415
106417
106447
106471
106495
106529
106547
106576
106585
106639
106717
106721
106755
106776
106802
106837
106905
106959
107103
107130
107333
107487
107512
107630
107644
107648
107706
107716
107787
107962
108014
108091
108121
108137
108247
108359
108450
108690
108707
108795
108947
109042
109079
109143
109228
109449
109465
109660
109699
109713
109857
109983
110094
110332
110334
110338
110342
110383
110431
110438
110453
110551
110767
110782
110788
110804
110814
110843
110876
110886
110896
111080
111086
111150
111192
111223
111288
111389
111450
111515
111555
111608
111630
111658
111780
111795
111938
111968
112009
112141
112153
112245
112283
112347
112352
112367
112456
112496
112620
112661
112665
112675
112717
112811
112849
112872
112895
112925
112952
112955
113148
113191
113273
113287
113380
113494
113603
113666
113693
113732
113789
113856
113900
113973
114002
114087
114119
114144
114238
114248
114416
114510
114622
114700
114704
114880
114884
114945
114947
114953
114984
115021
115049
115060
115073
115137
115143
115241
115254
115264
115301
115315
115406
115424
115523
115598
115677
115703
115894
116013
116085
116096
116097
116232
116287
116298
116331
116334
116474
116714
116734
116776
116828
116912
116965
117083
117135
117240
117364
117503
117537
117552
117567
117645
117653
117672
117740
117761
117873
117882
117889
117929
117947
118004
118090
118125
118140
118169
118251
118330
118393
118545
118574
118655
118660
118662
118664
118693
118825
118894
118930
118989
119017
119096
119110
119116
119211
119258
119284
119294
119348
119363
119399
119434
119469
119501
119572
119581
119592
119654
119780
119799
119836
119851
119889
120022
120039
120055
120123
120255
120266
120306
120318
120402
120512
120517
120518
120645
120698
120707
120758
120831
121050
121105
121196
121222
121241
121311
121330
121343
121386
121453
121566
121617
121826
121881
121932
121952
122079
122080
122103
122104
122171
122205
122299
122325
122474
122483
122623
122628
122930
122948
122952
122958
123003
123012
123042
123145
123148
123224
123236
123258
123417
123553
123627
123701
123742
123750
123753
123809
123916
123986
124001
124017
124082
124099
124210
124247
124310
124383
124434
124473
124517
124577
124642
124691
124871
124924
124986
125048
125119
125148
125207
125218
125273
125284
125382
125482
125536
125659
125667
125708
125733
125749
125778
125826
125935
126061
126243
126287
126301
126314
126386
126425
126459
126565
126585
126612
126615
126637
126707
126791
126802
126815
127037
127057
127102
127257
127259
127279
127286
127294
127320
127329
127363
127450
127458
127556
127585
127612
127618
127688
127792
127819
127891
127947
127957
127967
128047
128057
128075
128081
128085
128217
128275
128326
128493
128518
128525
128575
128794
128859
128894
128919
128962
129019
129085
129165
129167
129174
129289
129513
129521
129595
129653
129662
129672
129684
129903
129935
130009
130110
130120
130171
130190
130334
130384
130460
130473
130539
130577
130600
130609
130704
130863
130871
130885
131162
131263
131457
131504
131532
131628
131665
131715
131730
131781
131823
131887
131889
131908
131954
131958
131973
131994
132225
132243
132292
132510
132550
132570
132577
132606
132607
132617
132677
132808
132841
132843
132919
132933
133099
133121
133149
133198
133222
133259
133283
133295
133347
133351
133367
133370
133470
133513
133522
133594
133616
133679
133836
133908
134031
134148
134170
134198
134209
134210
134322
134406
134412
134462
134481
134532
134587
134644
134737
134827
134872
134931
134960
135023
135173
135195
135231
135287
135399
135411
135429
135456
135465
135476
135806
135908
135953
135968
135991
136068
136129
136212
136245
136402
136434
136471
136501
136616
136640
136679
136701
136708
136719
136755
136877
136912
136931
136957
137101
137149
137178
137184
137189
137238
137267
137415
137520
137568
137628
137687
137751
137794
137820
137852
137867
137871
137893
138018
138022
138107
138134
138146
138188
138212
138220
138236
138568
138605
138671
138683
138809
139017
139093
139105
139115
139186
139189
139210
139216
139232
139273
139319
139337
139346
139371
139391
139515
139658
139688
139834
140073
140118
140124
140127
140163
140171
140217
140247
140256
140267
140291
140309
140319
140341
140353
140439
140575
140634
140653
140660
140663
140732
140805
140955
141011
141143
141167
141172
141184
141246
141257
141344
141378
141445
141461
141506
141565
141584
141588
141598
141599
141604
141673
141709
141761
141774
141895
142000
142056
142118
142181
142191
142197
142313
142318
142324
142521
142598
142662
142706
142788
142804
142825
142846
142895
142909
142911
142928
142952
143152
143356
143369
143373
143434
143435
143438
143444
143552
143590
143675
143683
143684
143789
143824
143875
143984
144008
144012
144036
144047
144059
144109
144160
144250
144268
144299
144520
144561
144583
144661
144721
144790
144797
144804
144817
144840
144869
144896
144901
144984
145061
145110
145340
145383
145536
145546
145624
145661
145745
145812
145893
145930
146007
146067
146157
146183
146336
146404
146546
146555
146629
146701
146707
146770
146804
146859
146958
147102
147162
147297
147319
147367
147368
147440
147443
147605
147612
147642
147643
147658
147685
147686
147720
147751
147778
147879
147900
147998
148002
148011
148239
148314
148343
148351
148391
148464
148555
148560
148578
148599
148659
148701
148761
148793
148801
148833
148902
148924
149016
149066
149097
149134
149140
149235
149245
149290
149307
149319
149407
149432
149475
149510
149512
149529
149533
149549
149673
149701
149846
149882
149943
150116
150163
150269
150288
150361
150495
150497
150549
150619
150742
150764
150808
150946
151005
151039
151152
151167
151174
151313
151457
151533
151588
151681
151687
151727
151860
151981
152014
152023
152069
152186
152364
152472
152499
152526
152597
152780
152783
152790
152909
152964
153013
153078
153123
153334
153412
153413
153550
153621
153642
153651
153664
154244
154323
154446
154558
154576
154623
154736
154820
154867
155193
155214
155218
155320
155336
155352
155563
155595
155636
155785
155793
155814
155859
155865
155901
155913
155946
155961
155989
156078
156126
156168
156187
156271
156301
156352
156456
156522
156711
156786
156911
156912
157002
157016
157223
157260
157514
157516
157657
157664
157721
157726
157773
157845
157926
157970
158159
158172
158199
158218
158231
158330
158489
158492
158519
158531
158566
158574
158632
158649
158713
158725
158745
158758
158840
158842
158857
158886
158901
158976
158978
159138
159217
159260
159319
159328
159379
159400
159418
159434
159463
159507
159531
159579
159756
159762
159944
159974
160095
160105
160144
160281
160370
160501
160579
160639
160648
160650
160651
160776
160835
160855
160908
160977
160986
161076
161101
161118
161179
161318
161365
161409
161415
161433
161479
161482
161513
161571
161637
161647
161669
161689
161755
161763
161810
161849
161857
161924
161943
161964
162055
162070
162096
162205
162218
162264
162405
162440
162442
162508
162697
162754
162780
162816
162885
162899
162949
162998
163009
163020
163021
163126
163128
163159
163181
163221
163293
163309
163317
163322
163408
163410
163473
163532
163647
163690
163788
163799
163839
163912
163937
164019
164092
164461
164480
164481
164515
164550
164599
164727
164850
164884
164925
164929
165008
165016
165048
165076
165081
165116
165164
165173
165397
165474
165489
165554
165632
165707
165799
165983
166163
166257
166259
166302
166306
166319
166387
166444
166445
166488
166512
166515
166608
166682
166692
166701
166714
166841
166845
166922
166963
166976
167005
167020
167054
167217
167364
167410
167487
167528
167537
167541
167668
167767
167772
167899
167980
168095
168100
168160
168177
168274
168337
168424
168491
168498
168504
168625
168665
168738
168739
168746
168799
168806
168839
168879
168919
169001
169019
169106
169137
169154
169171
169177
169196
169267
169433
169551
169642
169711
169864
169896
169981
169998
170032
170040
170173
170189
170268
170326
170344
170414
170491
170503
170517
170559
170594
170639
170669
170756
170794
170863
170875
170895
170969
171082
171087
171089
171105
171146
171203
171211
171463
171521
171597
171607
171696
171903
171920
171938
172083
172112
172119
172236
172241
172547
172567
172569
172611
172637
172644
172658
172752
172883
173040
173042
173075
173205
173368
173467
173493
173527
173618
173700
173741
173873
173971
174068
174095
174302
174353
174359
174398
174434
174460
174463
174536
174567
174595
174608
174669
174675
174680
174718
174849
174980
175005
175016
175022
175035
175045
175074
175142
175247
175315
175421
175579
175607
175664
175756
175832
175937
175982
176037
176050
176051
176089
176094
176126
176131
176240
176349
176351
176360
176393
176407
176414
176431
176467
176529
176605
176637
176716
176827
176909
176939
176958
176971
177070
177130
177206
177313
177438
177454
177589
177652
177907
177912
177917
177942
177948
178010
178145
178153
178194
178244
178329
178392
178480
178570
178680
178704
178762
178793
178807
178852
178861
178906
178988
179100
179182
179202
179245
179295
179381
179417
179419
179429
179449
179470
179476
179481
179507
179634
179812
179852
179948
179971
179985
180118
180275
180322
180342
180346
180366
180424
180614
180651
180747
180753
180760
180824
180827
180901
180973
181036
181049
181108
181110
181170
181246
181317
181441
181447
181496
181545
181616
181662
181742
181756
181774
181836
182009
182102
182203
182206
182228
182246
182409
182472
182740
182770
183115
183166
183237
183303
183481
183643
183698
183746
183767
183775
183811
183881
183994
184011
184128
184142
184332
184422
184726
184902
184956
184964
184975
184984
184988
185009
185061
185091
185114
185149
185219
185333
185525
185534
185535
185553
185614
185732
185890
185900
185910
185985
186013
186090
186097
186148
186285
186470
186709
186779
186808
186836
186923
186978
187037
187112
187194
187204
187320
187364
187612
187722
187808
187831
187961
187963
187967
188095
188186
188205
188212
188220
188248
188342
188429
188656
188683
188707
188722
188842
188874
188957
188969
189135
189224
189230
189254
189282
189341
189450
189471
189485
189515
189521
189577
189678
189723
189758
189921
189939
189944
189964
189984
190109
190216
190239
190478
190510
190525
190645
190652
190669
190821
190842
190937
190941
191042
191100
191114
191124
191132
191241
191283
191293
191297
191418
191442
191481
191593
191654
191715
191756
191787
191791
191893
191916
191961
191968
191990
192017
192060
192088
192147
192455
192459
192476
192487
192561
192629
192642
192689
192866
193089
193102
193290
193302
193313
193381
193502
193507
193537
193552
193671
193701
193962
193968
194049
194103
194233
194266
194308
194417
194481
194551
194565
194685
194696
194715
194755
194783
194820
194839
194842
194865
194977
195116
195221
195280
195295
195304
195315
195324
195376
195383
195400
195424
195440
195444
195550
195686
195796
195933
195995
196149
196249
196293
196367
196420
196530
196666
196807
196934
196967
196972
197023
197043
197056
197060
197227
197232
197313
197341
197480
197482
197605
197625
197754
197756
197900
198070
198093
198156
198168
198260
198316
198478
198480
198602
198603
198642
198645
198661
198664
198702
198811
198838
198873
198932
198935
199058
199149
199153
199188
199243
199268
199364
199395
199415
199470
199476
199504
199528
199603
199645
199674
199694
199738
199794
199942
200069
200143
200353
200372
200384
200444
200445
200451
200513
200581
200669
200687
200693
200958
200962
200967
201172
201402
201410
201463
201555
201658
201865
201922
201985
202014
202057
202106
202155
202185
202328
202450
202481
202501
000138
000144
000199
000220
000374
000375
000378
000379
000453
000562
000573
000623
000628
000644
000687
000691
000750
000752
000777
000888
001017
001046
001110
001163
001298
001350
001364
001471
001480
001548
001609
001706
001713
001876
001940
001980
002009
002013
002141
002222
002262
002287
002356
002465
002507
002604
002617
002632
003049
003136
003150
003232
003244
003285
003358
003400
003406
003428
003455
003471
003488
003508
003557
003612
003634
003646
003660
003707
003732
003786
003805
003942
004018
004058
004118
004151
004262
004353
004474
004532
004574
004583
004602
004854
004888
004916
004930
004976
005133
005174
005180
005198
005266
005320
005348
005429
005583
005616
005666
005784
005819
005837
005866
005962
005981
006095
006108
006133
006176
006284
006299
006323
006362
006493
006506
006551
006627
006643
006659
006857
006900
006953
006991
006992
007017
007052
007055
007071
007085
007154
007238
007386
007412
007424
007552
007698
007732
007829
007850
007889
007954
007984
008004
008044
008052
008115
008165
008167
008331
008398
008478
008492
008692
008758
008774
008866
008880
008885
008932
009003
009024
009065
009070
009162
009198
009247
009338
009343
009355
009570
009588
009643
009695
009727
009754
009757
009792
009872
009874
009876
009903
009938
009971
010125
010186
010462
010783
010819
010879
010887
010923
010974
011082
011108
011132
011140
011300
011419
011586
011756
011759
011778
011924
011947
012123
012173
012176
012233
012471
012488
012574
012575
012707
012748
012915
012956
012958
013003
013027
013070
013075
013133
013135
013203
013206
013221
013298
013386
013443
013467
013496
013497
013506
013597
013622
013636
013641
013668
013673
013701
013781
013863
013868
013951
013957
014009
014328
014429
014465
014466
014471
014557
014577
014620
014657
014677
014726
014789
014894
014962
014990
015088
015171
015245
015325
015344
015354
015369
015433
015472
015509
015575
015599
015622
015623
015642
015647
015710
015764
015846
015853
015947
015955
015979
016099
016169
016182
016213
016216
016283
016298
016375
016388
016426
016427
016499
016534
016545
016594
016641
016693
016695
016767
016768
016820
016875
016912
016913
016916
016950
016976
017277
017286
017419
017577
017640
017661
017675
017702
017753
017785
017790
017865
017875
017892
017953
018062
018081
018151
018175
018247
018262
018310
018314
018401
018417
018420
018443
018453
018575
018629
018653
018702
018754
018942
019154
019161
019180
019198
019209
019211
019216
019249
019250
019265
019274
019328
019393
019433
019461
019525
019564
019575
019576
019696
019801
019877
020018
020199
020270
020328
020381
020449
020582
020584
020652
020693
020717
020769
020846
020882
020951
021134
021143
021180
021202
021208
021250
021349
021605
021637
021774
021928
022000
022060
022108
022155
022271
022304
022367
022438
022496
022521
022548
022654
022667
022712
022826
022879
022905
022913
022960
022977
023015
023040
023199
023231
023235
023340
023373
023390
023423
023442
023512
023549
023668
023750
023786
023814
023903
023919
023922
023943
024041
024115
024184
024187
024202
024290
024306
024310
024406
024585
024609
024628
024714
024776
024790
024846
024985
025015
025050
025054
025083
025115
025133
025149
025154
025175
025185
025224
025265
025350
025383
025485
025686
025720
025837
025882
025991
026135
026156
026171
026233
026365
026375
026454
026531
026545
026555
026639
026660
026676
026680
026690
026700
026721
026734
026923
026936
027059
027063
027113
027218
027241
027248
027263
027283
027307
027318
027556
027594
027624
027665
027700
027736
027823
027827
027865
027945
028157
028209
028271
028272
028313
028377
028469
028484
028525
028698
028929
028951
029079
029185
029228
029242
029336
029428
029442
029544
029618
029638
029747
029804
029876
029882
029946
029951
029982
029983
030123
030140
030142
030149
030158
030296
030299
030334
030344
030384
030416
030475
030487
030524
030651
030704
030730
030892
030912
030991
031016
031063
031067
031150
031192
031301
031407
031414
031422
031643
031697
031783
031795
031831
031843
031851
031896
031902
031913
031930
031935
032064
032209
032242
032372
032462
032542
032643
032674
032719
032722
032725
032799
032841
032843
032887
032922
032936
032939
033057
033089
033234
033254
033275
033290
033318
033338
033413
033427
033496
033508
033526
033591
033656
033665
033669
033692
033877
033952
033976
034015
034082
034101
034107
034122
034142
034157
034227
034234
034242
034263
034304
034412
034516
034533
034544
034572
034722
034783
034824
034855
034981
035035
035038
035083
035106
035120
035221
035228
035274
035283
035297
035351
035445
035520
035827
035829
035849
035864
035892
036069
036220
036270
036353
036416
036421
036561
036568
036569
036574
036598
036871
036903
036906
036934
037063
037069
037097
037108
037125
037176
037195
037282
037312
037318
037339
037380
037469
037530
037560
037596
037708
037724
037806
037849
037917
037945
037953
037958
038005
038070
038128
038150
038154
038215
038230
038240
038243
038295
038299
038323
038363
038403
038495
038552
038568
038733
038786
038794
038934
038946
039083
039115
039134
039214
039238
039267
039354
039427
039480
039543
039576
039812
039841
039886
039940
040065
040174
040194
040280
040399
040460
040492
040503
040537
040569
040648
040704
040711
040773
040892
040893
040896
040922
040943
040945
040991
041079
041119
041133
041139
041152
041162
041325
041399
041450
041487
041525
041543
041577
041610
041616
041644
041671
041743
041791
041835
041861
041885
041947
041955
042073
042096
042208
042284
042294
042359
042371
042387
042392
042416
042436
042441
042679
042769
042879
042962
043039
043115
043118
043134
043276
043286
043305
043358
043361
043393
043396
043416
043588
043617
043806
043879
044007
044064
044077
044094
044149
044184
044232
044249
044317
044396
044540
044666
044788
044831
044926
045023
045030
045060
045129
045165
045167
045200
045236
045303
045314
045346
045415
045492
045500
045565
045574
045580
045623
045657
045768
045891
045897
045958
045961
046162
046199
046227
046343
046351
046389
046451
046545
046573
046724
046761
046861
046890
046933
046952
047007
047040
047052
047171
047421
047433
047456
047494
047574
047576
047664
047706
047720
047722
047751
047835
047924
047932
047933
047986
048012
048015
048042
048086
048106
048142
048178
048196
048286
048312
048382
048437
048461
048523
048627
048706
048775
048784
048799
048804
048851
048858
048906
048965
049050
049082
049277
049362
049382
049420
049473
049550
049582
049650
049669
049737
049768
049784
049851
049852
049893
049899
049969
049974
050061
050118
050203
050222
050261
050344
050356
050360
050435
050535
050550
050593
050597
050722
050780
050786
050793
050815
050836
050915
050922
051074
051092
051134
051217
051245
051262
051312
051336
051407
051424
051542
051593
051610
051652
051788
051804
051851
051871
052195
052208
052216
052255
052320
052360
052483
052513
052531
052544
052573
052651
052673
052735
052767
052775
052794
052888
052904
052933
052961
052975
052988
053006
053061
053107
053176
053247
053338
053378
053424
053474
053710
053718
053750
053796
053829
054008
054048
054051
054066
054135
054171
054235
054268
054379
054401
054446
054605
054651
054682
054812
054890
055053
055060
055084
055099
055306
055362
055367
055403
055474
055520
055528
055533
055547
055556
055587
055662
055677
055689
055694
055738
055832
055909
056066
056080
056102
056107
056158
056187
056263
056266
056341
056375
056395
056534
056578
056595
056612
056693
056694
056715
056726
056748
056751
056809
056922
056961
056967
056993
057069
057095
057153
057194
057298
057300
057358
057400
057421
057462
057506
057594
057597
057599
057667
057793
058067
058152
058183
058281
058310
058373
058426
058457
058543
059138
059236
059271
059358
059373
059400
059473
059491
059691
059875
059922
059961
059966
059977
060026
060204
060240
060271
060328
060377
060394
060402
060568
060578
060588
060597
060615
060656
060720
060858
060926
060937
060948
060952
060992
061035
061113
061140
061206
061211
061264
061283
061323
061341
061355
061419
061468
061482
061532
061558
061574
061595
061598
061618
061663
061761
061802
062023
062056
062106
062313
062356
062380
062440
062478
062559
062720
062986
063003
063057
063062
063082
063097
063147
063233
063310
063390
063412
063446
063468
063493
063526
063556
063575
063656
063675
063750
063842
063880
063912
063986
064026
064132
064210
064213
064234
064272
064496
064520
064554
064565
064628
064714
064720
064842
065014
065059
065073
065083
065137
065225
065381
065440
065451
065452
065475
065618
065621
065636
065664
065718
065830
065887
066035
066061
066074
066089
066112
066163
066180
066216
066256
066272
066430
066506
066514
066613
066651
066707
066728
066736
066788
066803
066891
066905
066964
067035
067115
067122
067365
067425
067610
067624
067684
067712
067909
068053
068195
068208
068275
068309
068379
068387
068398
068404
068576
068704
068746
068788
068875
068933
068957
068970
069058
069081
069204
069218
069260
069305
069476
069484
069522
069540
069607
069654
069696
069706
069735
069794
069967
069991
070167
070186
070206
070290
070309
070359
070366
070446
070460
070507
070545
071146
071204
071208
071418
071424
071441
071507
071545
071568
071641
071665
071699
071749
071756
072050
072109
072118
072123
072158
072192
072218
072310
072432
072486
072555
072573
072673
072681
072763
072789
072802
072813
072824
072953
072971
072993
073053
073135
073139
073162
073165
073306
073427
073428
073489
073568
073617
073623
073685
073737
073778
073803
073933
073945
074095
074167
074225
074248
074304
074340
074361
074386
074397
074476
074561
074603
074637
074672
074710
074864
074960
074987
075025
075027
075124
075211
075248
075286
075297
075347
075391
075505
075553
075593
075653
075751
075757
075991
075999
076082
076128
076150
076295
076350
076356
076390
076416
076425
076453
076500
076525
076572
076579
076623
076775
076834
076838
076855
076922
076950
077109
077168
077246
077320
077327
077348
077429
077431
077433
077495
077537
077550
077552
077579
077680
077692
077695
077734
077818
077889
077964
078013
078080
078324
078450
078642
078677
078679
078731
078777
078794
078799
078829
078977
078980
079109
079228
079241
079282
079339
079403
079419
079712
079721
079778
079910
079936
079944
079998
080085
080086
080165
080209
080339
080475
080524
080530
080588
080720
080743
080791
080857
080891
080913
080941
080970
080976
080995
081224
081286
081369
081374
081633
081661
081682
081753
081834
081944
082153
082263
082290
082374
082491
082578
082588
082601
082620
082631
082673
082708
082760
082784
082873
082880
082888
082909
083088
083119
083164
083194
083217
083235
083286
083307
083404
083424
083468
083507
083515
083525
083698
083719
083723
083828
083830
083866
083894
083919
084115
084125
084149
084167
084200
084271
084288
084455
084493
084535
084536
084560
084604
084657
084874
084900
084956
085036
085040
085205
085266
085289
085360
085435
085616
085651
085685
085850
085869
085949
085982
085984
085994
086020
086044
086083
086104
086181
086292
086365
086393
086403
086419
086496
086627
086657
086680
086703
086730
086827
086872
086980
086995
086997
086999
087003
087033
087056
087067
087093
087162
087172
087220
087255
087267
087371
087418
087502
087606
087630
087692
087718
087735
087770
087829
087873
087930
088034
088089
088243
088380
088491
088811
088821
088845
088950
088964
088988
089007
089021
089133
089154
089172
089248
089414
089439
089471
089515
089566
089591
089614
089634
089645
089745
089792
089813
090093
090167
090227
090286
090300
090327
090330
090405
090437
090540
090585
090731
090812
090824
090867
090870
090872
090915
090919
090958
090982
091097
091104
091455
091467
091590
091605
091607
091667
091681
091725
091895
091902
092022
092103
092143
092161
092196
092214
092311
092394
092560
092576
092773
092830
092863
093039
093054
093057
093229
093256
093293
093398
093453
093495
093560
093600
093620
093670
093691
093872
094019
094111
094134
094147
094183
094208
094242
094250
094370
094380
094482
094574
094600
094627
094649
094717
094753
094848
094902
094923
094984
095152
095162
095188
095244
095308
095310
095372
095448
095498
095549
095569
095575
095618
095843
095862
095940
095949
095951
095974
096060
096065
096078
096135
096210
096336
096414
096586
096663
096676
096778
096848
096917
096924
096942
096949
097042
097060
097068
097166
097194
097201
097255
097262
097315
097337
097507
097598
097737
097807
097850
097880
097915
098002
098019
098042
098154
098265
098292
098330
098368
098443
098515
098562
098646
098786
098808
098858
098934
098953
098996
099089
099141
099148
099275
099300
099414
099756
099789
099835
100317
100325
100342
100349
100398
100629
100732
100953
100963
100982
101090
101132
101219
101225
101362
101448
101451
101509
101527
101528
101579
101589
101666
101691
101705
101720
101787
101858
101994
102012
102070
102084
102097
102099
102127
102290
102345
102410
102472
102514
102526
102593
102737
102793
102810
102871
102955
102962
102973
102978
102998
103037
103059
103195
103256
103276
103326
103363
103371
103424
103437
103547
103645
103706
103757
103765
103771
103796
103910
103961
103965
104000
104005
104101
104198
104323
104389
104393
104426
104509
104564
104578
104625
104799
104899
105065
105104
105106
105282
105308
105336
105394
105445
105475
105533
105624
105666
105674
105885
105957
105963
106004
106007
106055
106155
106186
106207
106333
106354
106396
106404
106415
106417
106447
106471
106495
106529
106547
106576
106585
106639
106717
106721
106755
106776
106802
106837
106905
106959
107103
107130
107333
107487
107512
107630
107644
107648
107706
107716
107787
107962
108014
108091
108121
108137
108247
108359
108450
108690
108707
108795
108947
109042
109079
109143
109228
109449
109465
109660
109699
109713
109857
109983
110094
110332
110334
110338
110342
110383
110431
110438
110453
110551
110767
110782
110788
110804
110814
110843
110876
110886
110896
111080
111086
111150
111192
111223
111288
111389
111450
111515
111555
111608
111630
111658
111780
111795
111938
111968
112009
112141
112153
112245
112283
112347
112352
112367
112456
112496
112620
112661
112665
112675
112717
112811
112849
112872
112895
112925
112952
112955
113148
113191
113273
113287
113380
113494
113603
113666
113693
113732
113789
113856
113900
113973
114002
114087
114119
114144
114238
114248
114416
114510
114622
114700
114704
114880
114884
114945
114947
114953
114984
115021
115049
115060
115073
115137
115143
115241
115254
115264
115301
115315
115406
115424
115523
115598
115677
115703
115894
116013
116085
116096
116097
116232
116287
116298
116331
116334
116474
116714
116734
116776
116828
116912
116965
117083
117135
117240
117364
117503
117537
117552
117567
117645
117653
117672
117740
117761
117873
117882
117889
117929
117947
118004
118090
118125
118140
118169
118251
118330
118393
118545
118574
118655
118660
118662
118664
118693
118825
118894
118930
118989
119017
119096
119110
119116
119211
119258
119284
119294
119348
119363
119399
119434
119469
119501
119572
119581
119592
119654
119780
119799
119836
119851
119889
120022
120039
120055
120123
120255
120266
120306
120318
120402
120512
120517
120518
120645
120698
120707
120758
120831
121050
121105
121196
121222
121241
121311
121330
121343
121386
121453
121566
121617
121826
121881
121932
121952
122079
122080
122103
122104
122171
122205
122299
122325
122474
122483
122623
122628
122930
122948
122952
122958
123003
123012
123042
123145
123148
123224
123236
123258
123417
123553
123627
123701
123742
123750
123753
123809
123916
123986
124001
124017
124082
124099
124210
124247
124310
124383
124434
124473
124517
124577
124642
124691
124871
124924
124986
125048
125119
125148
125207
125218
125273
125284
125382
125482
125536
125659
125667
125708
125733
125749
125778
125826
125935
126061
126243
126287
126301
126314
126386
126425
126459
126565
126585
126612
126615
126637
126707
126791
126802
126815
127037
127057
127102
127257
127259
127279
127286
127294
127320
127329
127363
127450
127458
127556
127585
127612
127618
127688
127792
127819
127891
127947
127957
127967
128047
128057
128075
128081
128085
128217
128275
128326
128493
128518
128525
128575
128794
128859
128894
128919
128962
129019
129085
129165
129167
129174
129289
129513
129521
129595
129653
129662
129672
129684
129903
129935
130009
130110
130120
130171
130190
130334
130384
130460
130473
130539
130577
130600
130609
130704
130863
130871
130885
131162
131263
131457
131504
131532
131628
131665
131715
131730
131781
131823
131887
131889
131908
131954
131958
131973
131994
132225
132243
132292
132510
132550
132570
132577
132606
132607
132617
132677
132808
132841
132843
132919
132933
133099
133121
133149
133198
133222
133259
133283
133295
133347
133351
133367
133370
133470
133513
133522
133594
133616
133679
133836
133908
134031
134148
134170
134198
134209
134210
134322
134406
134412
134462
134481
134532
134587
134644
134737
134827
134872
134931
134960
135023
135173
135195
135231
135287
135399
135411
135429
135456
135465
135476
135806
135908
135953
135968
135991
136068
136129
136212
136245
136402
136434
136471
136501
136616
136640
136679
136701
136708
136719
136755
136877
136912
136931
136957
137101
137149
137178
137184
137189
137238
137267
137415
137520
137568
137628
137687
137751
137794
137820
137852
137867
137871
137893
138018
138022
138107
138134
138146
138188
138212
138220
138236
138568
138605
138671
138683
138809
139017
139093
139105
139115
139186
139189
139210
139216
139232
139273
139319
139337
139346
139371
139391
139515
139658
139688
139834
140073
140118
140124
140127
140163
140171
140217
140247
140256
140267
140291
140309
140319
140341
140353
140439
140575
140634
140653
140660
140663
140732
140805
140955
141011
141143
141167
141172
141184
141246
141257
141344
141378
141445
141461
141506
141565
141584
141588
141598
141599
141604
141673
141709
141761
141774
141895
142000
142056
142118
142181
142191
142197
142313
142318
142324
142521
142598
142662
142706
142788
142804
142825
142846
142895
142909
142911
142928
142952
143152
143356
143369
143373
143434
143435
143438
143444
143552
143590
143675
143683
143684
143789
143824
143875
143984
144008
144012
144036
144047
144059
144109
144160
144250
144268
144299
144520
144561
144583
144661
144721
144790
144797
144804
144817
144840
144869
144896
144901
144984
145061
145110
145340
145383
145536
145546
145624
145661
145745
145812
145893
145930
146007
146067
146157
146183
146336
146404
146546
146555
146629
146701
146707
146770
146804
146859
146958
147102
147162
147297
147319
147367
147368
147440
147443
147605
147612
147642
147643
147658
147685
147686
147720
147751
147778
147879
147900
147998
148002
148011
148239
148314
148343
148351
148391
148464
148555
148560
148578
148599
148659
148701
148761
148793
148801
148833
148902
148924
149016
149066
149097
149134
149140
149235
149245
149290
149307
149319
149407
149432
149475
149510
149512
149529
149533
149549
149673
149701
149846
149882
149943
150116
150163
150269
150288
150361
150495
150497
150549
150619
150742
150764
150808
150946
151005
151039
151152
151167
151174
151313
151457
151533
151588
151681
151687
151727
151860
151981
152014
152023
152069
152186
152364
152472
152499
152526
152597
152780
152783
152790
152909
152964
153013
153078
153123
153334
153412
153413
153550
153621
153642
153651
153664
154244
154323
154446
154558
154576
154623
154736
154820
154867
155193
155214
155218
155320
155336
155352
155563
155595
155636
155785
155793
155814
155859
155865
155901
155913
155946
155961
155989
156078
156126
156168
156187
156271
156301
156352
156456
156522
156711
156786
156911
156912
157002
157016
157223
157260
157514
157516
157657
157664
157721
157726
157773
157845
157926
157970
158159
158172
158199
158218
158231
158330
158489
158492
158519
158531
158566
158574
158632
158649
158713
158725
158745
158758
158840
158842
158857
158886
158901
158976
158978
159138
159217
159260
159319
159328
159379
159400
159418
159434
159463
159507
159531
159579
159756
159762
159944
159974
160095
160105
160144
160281
160370
160501
160579
160639
160648
160650
160651
160776
160835
160855
160908
160977
160986
161076
161101
161118
161179
161318
161365
161409
161415
161433
161479
161482
161513
161571
161637
161647
161669
161689
161755
161763
161810
161849
161857
161924
161943
161964
162055
162070
162096
162205
162218
162264
162405
162440
162442
162508
162697
162754
162780
162816
162885
162899
162949
162998
163009
163020
163021
163126
163128
163159
163181
163221
163293
163309
163317
163322
163408
163410
163473
163532
163647
163690
163788
163799
163839
163912
163937
164019
164092
164461
164480
164481
164515
164550
164599
164727
164850
164884
164925
164929
165008
165016
165048
165076
165081
165116
165164
165173
165397
165474
165489
165554
165632
165707
165799
165983
166163
166257
166259
166302
166306
166319
166387
166444
166445
166488
166512
166515
166608
166682
166692
166701
166714
166841
166845
166922
166963
166976
167005
167020
167054
167217
167364
167410
167487
167528
167537
167541
167668
167767
167772
167899
167980
168095
168100
168160
168177
168274
168337
168424
168491
168498
168504
168625
168665
168738
168739
168746
168799
168806
168839
168879
168919
169001
169019
169106
169137
169154
169171
169177
169196
169267
169433
169551
169642
169711
169864
169896
169981
169998
170032
170040
170173
170189
170268
170326
170344
170414
170491
170503
170517
170559
170594
170639
170669
170756
170794
170863
170875
170895
170969
171082
171087
171089
171105
171146
171203
171211
171463
171521
171597
171607
171696
171903
171920
171938
172083
172112
172119
172236
172241
172547
172567
172569
172611
172637
172644
172658
172752
172883
173040
173042
173075
173205
173368
173467
173493
173527
173618
173700
173741
173873
173971
174068
174095
174302
174353
174359
174398
174434
174460
174463
174536
174567
174595
174608
174669
174675
174680
174718
174849
174980
175005
175016
175022
175035
175045
175074
175142
175247
175315
175421
175579
175607
175664
175756
175832
175937
175982
176037
176050
176051
176089
176094
176126
176131
176240
176349
176351
176360
176393
176407
176414
176431
176467
176529
176605
176637
176716
176827
176909
176939
176958
176971
177070
177130
177206
177313
177438
177454
177589
177652
177907
177912
177917
177942
177948
178010
178145
178153
178194
178244
178329
178392
178480
178570
178680
178704
178762
178793
178807
178852
178861
178906
178988
179100
179182
179202
179245
179295
179381
179417
179419
179429
179449
179470
179476
179481
179507
179634
179812
179852
179948
179971
179985
180118
180275
180322
180342
180346
180366
180424
180614
180651
180747
180753
180760
180824
180827
180901
180973
181036
181049
181108
181110
181170
181246
181317
181441
181447
181496
181545
181616
181662
181742
181756
181774
181836
182009
182102
182203
182206
182228
182246
182409
182472
182740
182770
183115
183166
183237
183303
183481
183643
183698
183746
183767
183775
183811
183881
183994
184011
184128
184142
184332
184422
184726
184902
184956
184964
184975
184984
184988
185009
185061
185091
185114
185149
185219
185333
185525
185534
185535
185553
185614
185732
185890
185900
185910
185985
186013
186090
186097
186148
186285
186470
186709
186779
186808
186836
186923
186978
187037
187112
187194
187204
187320
187364
187612
187722
187808
187831
187961
187963
187967
188095
188186
188205
188212
188220
188248
188342
188429
188656
188683
188707
188722
188842
188874
188957
188969
189135
189224
189230
189254
189282
189341
189450
189471
189485
189515
189521
189577
189678
189723
189758
189921
189939
189944
189964
189984
190109
190216
190239
190478
190510
190525
190645
190652
190669
190821
190842
190937
190941
191042
191100
191114
191124
191132
191241
191283
191293
191297
191418
191442
191481
191593
191654
191715
191756
191787
191791
191893
191916
191961
191968
191990
192017
192060
192088
192147
192455
192459
192476
192487
192561
192629
192642
192689
192866
193089
193102
193290
193302
193313
193381
193502
193507
193537
193552
193671
193701
193962
193968
194049
194103
194233
194266
194308
194417
194481
194551
194565
194685
194696
194715
194755
194783
194820
194839
194842
194865
194977
195116
195221
195280
195295
195304
195315
195324
195376
195383
195400
195424
195440
195444
195550
195686
195796
195933
195995
196149
196249
196293
196367
196420
196530
196666
196807
196934
196967
196972
197023
197043
197056
197060
197227
197232
197313
197341
197480
197482
197605
197625
197754
197756
197900
198070
198093
198156
198168
198260
198316
198478
198480
198602
198603
198642
198645
198661
198664
198702
198811
198838
198873
198932
198935
199058
199149
199153
199188
199243
199268
199364
199395
199415
199470
199476
199504
199528
199603
199645
199674
199694
199738
199794
199942
200069
200143
200353
200372
200384
200444
200445
200451
200513
200581
200669
200687
200693
200958
200962
200967
201172
201402
201410
201463
201555
201658
201865
201922
201985
202014
202057
202106
202155
202185
202328
202450
202481
202501
000138
000144
000199
000220
000374
000375
000378
000379
000453
000562
000573
000623
000628
000644
000687
000691
000750
000752
000777
000888
001017
001046
001110
001163
001298
001350
001364
001471
001480
001548
001609
001706
001713
001876
001940
001980
002009
002013
002141
002222
002262
002287
002356
002465
002507
002604
002617
002632
003049
003136
003150
003232
003244
003285
003358
003400
003406
003428
003455
003471
003488
003508
003557
003612
003634
003646
003660
003707
003732
003786
003805
003942
004018
004058
004118
004151
004262
004353
004474
004532
004574
004583
004602
004854
004888
004916
004930
004976
005133
005174
005180
005198
005266
005320
005348
005429
005583
005616
005666
005784
005819
005837
005866
005962
005981
006095
006108
006133
006176
006284
006299
006323
006362
006493
006506
006551
006627
006643
006659
006857
006900
006953
006991
006992
007017
007052
007055
007071
007085
007154
007238
007386
007412
007424
007552
007698
007732
007829
007850
007889
007954
007984
008004
008044
008052
008115
008165
008167
008331
008398
008478
008492
008692
008758
008774
008866
008880
008885
008932
009003
009024
009065
009070
009162
009198
009247
009338
009343
009355
009570
009588
009643
009695
009727
009754
009757
009792
009872
009874
009876
009903
009938
009971
010125
010186
010462
010783
010819
010879
010887
010923
010974
011082
011108
011132
011140
011300
011419
011586
011756
011759
011778
011924
011947
012123
012173
012176
012233
012471
012488
012574
012575
012707
012748
012915
012956
012958
013003
013027
013070
013075
013133
013135
013203
013206
013221
013298
013386
013443
013467
013496
013497
013506
013597
013622
013636
013641
013668
013673
013701
013781
013863
013868
013951
013957
014009
014328
014429
014465
014466
014471
014557
014577
014620
014657
014677
014726
014789
014894
014962
014990
015088
015171
015245
015325
015344
015354
015369
015433
015472
015509
015575
015599
015622
015623
015642
015647
015710
015764
015846
015853
015947
015955
015979
016099
016169
016182
016213
016216
016283
016298
016375
016388
016426
016427
016499
016534
016545
016594
016641
016693
016695
016767
016768
016820
016875
016912
016913
016916
016950
016976
017277
017286
017419
017577
017640
017661
017675
017702
017753
017785
017790
017865
017875
017892
017953
018062
018081
018151
018175
018247
018262
018310
018314
018401
018417
018420
018443
018453
018575
018629
018653
018702
018754
018942
019154
019161
019180
019198
019209
019211
019216
019249
019250
019265
019274
019328
019393
019433
019461
019525
019564
019575
019576
019696
019801
019877
020018
020199
020270
020328
020381
020449
020582
020584
020652
020693
020717
020769
020846
020882
020951
021134
021143
021180
021202
021208
021250
021349
021605
021637
021774
021928
022000
022060
022108
022155
022271
022304
022367
022438
022496
022521
022548
022654
022667
022712
022826
022879
022905
022913
022960
022977
023015
023040
023199
023231
023235
023340
023373
023390
023423
023442
023512
023549
023668
023750
023786
023814
023903
023919
023922
023943
024041
024115
024184
024187
024202
024290
024306
024310
024406
024585
024609
024628
024714
024776
024790
024846
024985
025015
025050
025054
025083
025115
025133
025149
025154
025175
025185
025224
025265
025350
025383
025485
025686
025720
025837
025882
025991
026135
026156
026171
026233
026365
026375
026454
026531
026545
026555
026639
026660
026676
026680
026690
026700
026721
026734
026923
026936
027059
027063
027113
027218
027241
027248
027263
027283
027307
027318
027556
027594
027624
027665
027700
027736
027823
027827
027865
027945
028157
028209
028271
028272
028313
028377
028469
028484
028525
028698
028929
028951
029079
029185
029228
029242
029336
029428
029442
029544
029618
029638
029747
029804
029876
029882
029946
029951
029982
029983
030123
030140
030142
030149
030158
030296
030299
030334
030344
030384
030416
030475
030487
030524
030651
030704
030730
030892
030912
030991
031016
031063
031067
031150
031192
031301
031407
031414
031422
031643
031697
031783
031795
031831
031843
031851
031896
031902
031913
031930
031935
032064
032209
032242
032372
032462
032542
032643
032674
032719
032722
032725
032799
032841
032843
032887
032922
032936
032939
033057
033089
033234
033254
033275
033290
033318
033338
033413
033427
033496
033508
033526
033591
033656
033665
033669
033692
033877
033952
033976
034015
034082
034101
034107
034122
034142
034157
034227
034234
034242
034263
034304
034412
034516
034533
034544
034572
034722
034783
034824
034855
034981
035035
035038
035083
035106
035120
035221
035228
035274
035283
035297
035351
035445
035520
035827
035829
035849
035864
035892
036069
036220
036270
036353
036416
036421
036561
036568
036569
036574
036598
036871
036903
036906
036934
037063
037069
037097
037108
037125
037176
037195
037282
037312
037318
037339
037380
037469
037530
037560
037596
037708
037724
037806
037849
037917
037945
037953
037958
038005
038070
038128
038150
038154
038215
038230
038240
038243
038295
038299
038323
038363
038403
038495
038552
038568
038733
038786
038794
038934
038946
039083
039115
039134
039214
039238
039267
039354
039427
039480
039543
039576
039812
039841
039886
039940
040065
040174
040194
040280
040399
040460
040492
040503
040537
040569
040648
040704
040711
040773
040892
040893
040896
040922
040943
040945
040991
041079
041119
041133
041139
041152
041162
041325
041399
041450
041487
041525
041543
041577
041610
041616
041644
041671
041743
041791
041835
041861
041885
041947
041955
042073
042096
042208
042284
042294
042359
042371
042387
042392
042416
042436
042441
042679
042769
042879
042962
043039
043115
043118
043134
043276
043286
043305
043358
043361
043393
043396
043416
043588
043617
043806
043879
044007
044064
044077
044094
044149
044184
044232
044249
044317
044396
044540
044666
044788
044831
044926
045023
045030
045060
045129
045165
045167
045200
045236
045303
045314
045346
045415
045492
045500
045565
045574
045580
045623
045657
045768
045891
045897
045958
045961
046162
046199
046227
046343
046351
046389
046451
046545
046573
046724
046761
046861
046890
046933
046952
047007
047040
047052
047171
047421
047433
047456
047494
047574
047576
047664
047706
047720
047722
047751
047835
047924
047932
047933
047986
048012
048015
048042
048086
048106
048142
048178
048196
048286
048312
048382
048437
048461
048523
048627
048706
048775
048784
048799
048804
048851
048858
048906
048965
049050
049082
049277
049362
049382
049420
049473
049550
049582
049650
049669
049737
049768
049784
049851
049852
049893
049899
049969
049974
050061
050118
050203
050222
050261
050344
050356
050360
050435
050535
050550
050593
050597
050722
050780
050786
050793
050815
050836
050915
050922
051074
051092
051134
051217
051245
051262
051312
051336
051407
051424
051542
051593
051610
051652
051788
051804
051851
051871
052195
052208
052216
052255
052320
052360
052483
052513
052531
052544
052573
052651
052673
052735
052767
052775
052794
052888
052904
052933
052961
052975
052988
053006
053061
053107
053176
053247
053338
053378
053424
053474
053710
053718
053750
053796
053829
054008
054048
054051
054066
054135
054171
054235
054268
054379
054401
054446
054605
054651
054682
054812
054890
055053
055060
055084
055099
055306
055362
055367
055403
055474
055520
055528
055533
055547
055556
055587
055662
055677
055689
055694
055738
055832
055909
056066
056080
056102
056107
056158
056187
056263
056266
056341
056375
056395
056534
056578
056595
056612
056693
056694
056715
056726
056748
056751
056809
056922
056961
056967
056993
057069
057095
057153
057194
057298
057300
057358
057400
057421
057462
057506
057594
057597
057599
057667
057793
058067
058152
058183
058281
058310
058373
058426
058457
058543
059138
059236
059271
059358
059373
059400
059473
059491
059691
059875
059922
059961
059966
059977
060026
060204
060240
060271
060328
060377
060394
060402
060568
060578
060588
060597
060615
060656
060720
060858
060926
060937
060948
060952
060992
061035
061113
061140
061206
061211
061264
061283
061323
061341
061355
061419
061468
061482
061532
061558
061574
061595
061598
061618
061663
061761
061802
062023
062056
062106
062313
062356
062380
062440
062478
062559
062720
062986
063003
063057
063062
063082
063097
063147
063233
063310
063390
063412
063446
063468
063493
063526
063556
063575
063656
063675
063750
063842
063880
063912
063986
064026
064132
064210
064213
064234
064272
064496
064520
064554
064565
064628
064714
064720
064842
065014
065059
065073
065083
065137
065225
065381
065440
065451
065452
065475
065618
065621
065636
065664
065718
065830
065887
066035
066061
066074
066089
066112
066163
066180
066216
066256
066272
066430
066506
066514
066613
066651
066707
066728
066736
066788
066803
066891
066905
066964
067035
067115
067122
067365
067425
067610
067624
067684
067712
067909
068053
068195
068208
068275
068309
068379
068387
068398
068404
068576
068704
068746
068788
068875
068933
068957
068970
069058
069081
069204
069218
069260
069305
069476
069484
069522
069540
069607
069654
069696
069706
069735
069794
069967
069991
070167
070186
070206
070290
070309
070359
070366
070446
070460
070507
070545
071146
071204
071208
071418
071424
071441
071507
071545
071568
071641
071665
071699
071749
071756
072050
072109
072118
072123
072158
072192
072218
072310
072432
072486
072555
072573
072673
072681
072763
072789
072802
072813
072824
072953
072971
072993
073053
073135
073139
073162
073165
073306
073427
073428
073489
073568
073617
073623
073685
073737
073778
073803
073933
073945
074095
074167
074225
074248
074304
074340
074361
074386
074397
074476
074561
074603
074637
074672
074710
074864
074960
074987
075025
075027
075124
075211
075248
075286
075297
075347
075391
075505
075553
075593
075653
075751
075757
075991
075999
076082
076128
076150
076295
076350
076356
076390
076416
076425
076453
076500
076525
076572
076579
076623
076775
076834
076838
076855
076922
076950
077109
077168
077246
077320
077327
077348
077429
077431
077433
077495
077537
077550
077552
077579
077680
077692
077695
077734
077818
077889
077964
078013
078080
078324
078450
078642
078677
078679
078731
078777
078794
078799
078829
078977
078980
079109
079228
079241
079282
079339
079403
079419
079712
079721
079778
079910
079936
079944
079998
080085
080086
080165
080209
080339
080475
080524
080530
080588
080720
080743
080791
080857
080891
080913
080941
080970
080976
080995
081224
081286
081369
081374
081633
081661
081682
081753
081834
081944
082153
082263
082290
082374
082491
082578
082588
082601
082620
082631
082673
082708
082760
082784
082873
082880
082888
082909
083088
083119
083164
083194
083217
083235
083286
083307
083404
083424
083468
083507
083515
083525
083698
083719
083723
083828
083830
083866
083894
083919
084115
084125
084149
084167
084200
084271
084288
084455
084493
084535
084536
084560
084604
084657
084874
084900
084956
085036
085040
085205
085266
085289
085360
085435
085616
085651
085685
085850
085869
085949
085982
085984
085994
086020
086044
086083
086104
086181
086292
086365
086393
086403
086419
086496
086627
086657
086680
086703
086730
086827
086872
086980
086995
086997
086999
087003
087033
087056
087067
087093
087162
087172
087220
087255
087267
087371
087418
087502
087606
087630
087692
087718
087735
087770
087829
087873
087930
088034
088089
088243
088380
088491
088811
088821
088845
088950
088964
088988
089007
089021
089133
089154
089172
089248
089414
089439
089471
089515
089566
089591
089614
089634
089645
089745
089792
089813
090093
090167
090227
090286
090300
090327
090330
090405
090437
090540
090585
090731
090812
090824
090867
090870
090872
090915
090919
090958
090982
091097
091104
091455
091467
091590
091605
091607
091667
091681
091725
091895
091902
092022
092103
092143
092161
092196
092214
092311
092394
092560
092576
092773
092830
092863
093039
093054
093057
093229
093256
093293
093398
093453
093495
093560
093600
093620
093670
093691
093872
094019
094111
094134
094147
094183
094208
094242
094250
094370
094380
094482
094574
094600
094627
094649
094717
094753
094848
094902
094923
094984
095152
095162
095188
095244
095308
095310
095372
095448
095498
095549
095569
095575
095618
095843
095862
095940
095949
095951
095974
096060
096065
096078
096135
096210
096336
096414
096586
096663
096676
096778
096848
096917
096924
096942
096949
097042
097060
097068
097166
097194
097201
097255
097262
097315
097337
097507
097598
097737
097807
097850
097880
097915
098002
098019
098042
098154
098265
098292
098330
098368
098443
098515
098562
098646
098786
098808
098858
098934
098953
098996
099089
099141
099148
099275
099300
099414
099756
099789
099835
100317
100325
100342
100349
100398
100629
100732
100953
100963
100982
101090
101132
101219
101225
101362
101448
101451
101509
101527
101528
101579
101589
101666
101691
101705
101720
101787
101858
101994
102012
102070
102084
102097
102099
102127
102290
102345
102410
102472
102514
102526
102593
102737
102793
102810
102871
102955
102962
102973
102978
102998
103037
103059
103195
103256
103276
103326
103363
103371
103424
103437
103547
103645
103706
103757
103765
103771
103796
103910
103961
103965
104000
104005
104101
104198
104323
104389
104393
104426
104509
104564
104578
104625
104799
104899
105065
105104
105106
105282
105308
105336
105394
105445
105475
105533
105624
105666
105674
105885
105957
105963
106004
106007
106055
106155
106186
106207
106333
106354
106396
106404
106415
106417
106447
106471
106495
106529
106547
106576
106585
106639
106717
106721
106755
106776
106802
106837
106905
106959
107103
107130
107333
107487
107512
107630
107644
107648
107706
107716
107787
107962
108014
108091
108121
108137
108247
108359
108450
108690
108707
108795
108947
109042
109079
109143
109228
109449
109465
109660
109699
109713
109857
109983
110094
110332
110334
110338
110342
110383
110431
110438
110453
110551
110767
110782
110788
110804
110814
110843
110876
110886
110896
111080
111086
111150
111192
111223
111288
111389
111450
111515
111555
111608
111630
111658
111780
111795
111938
111968
112009
112141
112153
112245
112283
112347
112352
112367
112456
112496
112620
112661
112665
112675
112717
112811
112849
112872
112895
112925
112952
112955
113148
113191
113273
113287
113380
113494
113603
113666
113693
113732
113789
113856
113900
113973
114002
114087
114119
114144
114238
114248
114416
114510
114622
114700
114704
114880
114884
114945
114947
114953
114984
115021
115049
115060
115073
115137
115143
115241
115254
115264
115301
115315
115406
115424
115523
115598
115677
115703
115894
116013
116085
116096
116097
116232
116287
116298
116331
116334
116474
116714
116734
116776
116828
116912
116965
117083
117135
117240
117364
117503
117537
117552
117567
117645
117653
117672
117740
117761
117873
117882
117889
117929
117947
118004
118090
118125
118140
118169
118251
118330
118393
118545
118574
118655
118660
118662
118664
118693
118825
118894
118930
118989
119017
119096
119110
119116
119211
119258
119284
119294
119348
119363
119399
119434
119469
119501
119572
119581
119592
119654
119780
119799
119836
119851
119889
120022
120039
120055
120123
120255
120266
120306
120318
120402
120512
120517
120518
120645
120698
120707
120758
120831
121050
121105
121196
121222
121241
121311
121330
121343
121386
121453
121566
121617
121826
121881
121932
121952
122079
122080
122103
122104
122171
122205
122299
122325
122474
122483
122623
122628
122930
122948
122952
122958
123003
123012
123042
123145
123148
123224
123236
123258
123417
123553
123627
123701
123742
123750
123753
123809
123916
123986
124001
124017
124082
124099
124210
124247
124310
124383
124434
124473
124517
124577
124642
124691
124871
124924
124986
125048
125119
125148
125207
125218
125273
125284
125382
125482
125536
125659
125667
125708
125733
125749
125778
125826
125935
126061
126243
126287
126301
126314
126386
126425
126459
126565
126585
126612
126615
126637
126707
126791
126802
126815
127037
127057
127102
127257
127259
127279
127286
127294
127320
127329
127363
127450
127458
127556
127585
127612
127618
127688
127792
127819
127891
127947
127957
127967
128047
128057
128075
128081
128085
128217
128275
128326
128493
128518
128525
128575
128794
128859
128894
128919
128962
129019
129085
129165
129167
129174
129289
129513
129521
129595
129653
129662
129672
129684
129903
129935
130009
130110
130120
130171
130190
130334
130384
130460
130473
130539
130577
130600
130609
130704
130863
130871
130885
131162
131263
131457
131504
131532
131628
131665
131715
131730
131781
131823
131887
131889
131908
131954
131958
131973
131994
132225
132243
132292
132510
132550
132570
132577
132606
132607
132617
132677
132808
132841
132843
132919
132933
133099
133121
133149
133198
133222
133259
133283
133295
133347
133351
133367
133370
133470
133513
133522
133594
133616
133679
133836
133908
134031
134148
134170
134198
134209
134210
134322
134406
134412
134462
134481
134532
134587
134644
134737
134827
134872
134931
134960
135023
135173
135195
135231
135287
135399
135411
135429
135456
135465
135476
135806
135908
135953
135968
135991
136068
136129
136212
136245
136402
136434
136471
136501
136616
136640
136679
136701
136708
136719
136755
136877
136912
136931
136957
137101
137149
137178
137184
137189
137238
137267
137415
137520
137568
137628
137687
137751
137794
137820
137852
137867
137871
137893
138018
138022
138107
138134
138146
138188
138212
138220
138236
138568
138605
138671
138683
138809
139017
139093
139105
139115
139186
139189
139210
139216
139232
139273
139319
139337
139346
139371
139391
139515
139658
139688
139834
140073
140118
140124
140127
140163
140171
140217
140247
140256
140267
140291
140309
140319
140341
140353
140439
140575
140634
140653
140660
140663
140732
140805
140955
141011
141143
141167
141172
141184
141246
141257
141344
141378
141445
141461
141506
141565
141584
141588
141598
141599
141604
141673
141709
141761
141774
141895
142000
142056
142118
142181
142191
142197
142313
142318
142324
142521
142598
142662
142706
142788
142804
142825
142846
142895
142909
142911
142928
142952
143152
143356
143369
143373
143434
143435
143438
143444
143552
143590
143675
143683
143684
143789
143824
143875
143984
144008
144012
144036
144047
144059
144109
144160
144250
144268
144299
144520
144561
144583
144661
144721
144790
144797
144804
144817
144840
144869
144896
144901
144984
145061
145110
145340
145383
145536
145546
145624
145661
145745
145812
145893
145930
146007
146067
146157
146183
146336
146404
146546
146555
146629
146701
146707
146770
146804
146859
146958
147102
147162
147297
147319
147367
147368
147440
147443
147605
147612
147642
147643
147658
147685
147686
147720
147751
147778
147879
147900
147998
148002
148011
148239
148314
148343
148351
148391
148464
148555
148560
148578
148599
148659
148701
148761
148793
148801
148833
148902
148924
149016
149066
149097
149134
149140
149235
149245
149290
149307
149319
149407
149432
149475
149510
149512
149529
149533
149549
149673
149701
149846
149882
149943
150116
150163
150269
150288
150361
150495
150497
150549
150619
150742
150764
150808
150946
151005
151039
151152
151167
151174
151313
151457
151533
151588
151681
151687
151727
151860
151981
152014
152023
152069
152186
152364
152472
152499
152526
152597
152780
152783
152790
152909
152964
153013
153078
153123
153334
153412
153413
153550
153621
153642
153651
153664
154244
154323
154446
154558
154576
154623
154736
154820
154867
155193
155214
155218
155320
155336
155352
155563
155595
155636
155785
155793
155814
155859
155865
155901
155913
155946
155961
155989
156078
156126
156168
156187
156271
156301
156352
156456
156522
156711
156786
156911
156912
157002
157016
157223
157260
157514
157516
157657
157664
157721
157726
157773
157845
157926
157970
158159
158172
158199
158218
158231
158330
158489
158492
158519
158531
158566
158574
158632
158649
158713
158725
158745
158758
158840
158842
158857
158886
158901
158976
158978
159138
159217
159260
159319
159328
159379
159400
159418
159434
159463
159507
159531
159579
159756
159762
159944
159974
160095
160105
160144
160281
160370
160501
160579
160639
160648
160650
160651
160776
160835
160855
160908
160977
160986
161076
161101
161118
161179
161318
161365
161409
161415
161433
161479
161482
161513
161571
161637
161647
161669
161689
161755
161763
161810
161849
161857
161924
161943
161964
162055
162070
162096
162205
162218
162264
162405
162440
162442
162508
162697
162754
162780
162816
162885
162899
162949
162998
163009
163020
163021
163126
163128
163159
163181
163221
163293
163309
163317
163322
163408
163410
163473
163532
163647
163690
163788
163799
163839
163912
163937
164019
164092
164461
164480
164481
164515
164550
164599
164727
164850
164884
164925
164929
165008
165016
165048
165076
165081
165116
165164
165173
165397
165474
165489
165554
165632
165707
165799
165983
166163
166257
166259
166302
166306
166319
166387
166444
166445
166488
166512
166515
166608
166682
166692
166701
166714
166841
166845
166922
166963
166976
167005
167020
167054
167217
167364
167410
167487
167528
167537
167541
167668
167767
167772
167899
167980
168095
168100
168160
168177
168274
168337
168424
168491
168498
168504
168625
168665
168738
168739
168746
168799
168806
168839
168879
168919
169001
169019
169106
169137
169154
169171
169177
169196
169267
169433
169551
169642
169711
169864
169896
169981
169998
170032
170040
170173
170189
170268
170326
170344
170414
170491
170503
170517
170559
170594
170639
170669
170756
170794
170863
170875
170895
170969
171082
171087
171089
171105
171146
171203
171211
171463
171521
171597
171607
171696
171903
171920
171938
172083
172112
172119
172236
172241
172547
172567
172569
172611
172637
172644
172658
172752
172883
173040
173042
173075
173205
173368
173467
173493
173527
173618
173700
173741
173873
173971
174068
174095
174302
174353
174359
174398
174434
174460
174463
174536
174567
174595
174608
174669
174675
174680
174718
174849
174980
175005
175016
175022
175035
175045
175074
175142
175247
175315
175421
175579
175607
175664
175756
175832
175937
175982
176037
176050
176051
176089
176094
176126
176131
176240
176349
176351
176360
176393
176407
176414
176431
176467
176529
176605
176637
176716
176827
176909
176939
176958
176971
177070
177130
177206
177313
177438
177454
177589
177652
177907
177912
177917
177942
177948
178010
178145
178153
178194
178244
178329
178392
178480
178570
178680
178704
178762
178793
178807
178852
178861
178906
178988
179100
179182
179202
179245
179295
179381
179417
179419
179429
179449
179470
179476
179481
179507
179634
179812
179852
179948
179971
179985
180118
180275
180322
180342
180346
180366
180424
180614
180651
180747
180753
180760
180824
180827
180901
180973
181036
181049
181108
181110
181170
181246
181317
181441
181447
181496
181545
181616
181662
181742
181756
181774
181836
182009
182102
182203
182206
182228
182246
182409
182472
182740
182770
183115
183166
183237
183303
183481
183643
183698
183746
183767
183775
183811
183881
183994
184011
184128
184142
184332
184422
184726
184902
184956
184964
184975
184984
184988
185009
185061
185091
185114
185149
185219
185333
185525
185534
185535
185553
185614
185732
185890
185900
185910
185985
186013
186090
186097
186148
186285
186470
186709
186779
186808
186836
186923
186978
187037
187112
187194
187204
187320
187364
187612
187722
187808
187831
187961
187963
187967
188095
188186
188205
188212
188220
188248
188342
188429
188656
188683
188707
188722
188842
188874
188957
188969
189135
189224
189230
189254
189282
189341
189450
189471
189485
189515
189521
189577
189678
189723
189758
189921
189939
189944
189964
189984
190109
190216
190239
190478
190510
190525
190645
190652
190669
190821
190842
190937
190941
191042
191100
191114
191124
191132
191241
191283
191293
191297
191418
191442
191481
191593
191654
191715
191756
191787
191791
191893
191916
191961
191968
191990
192017
192060
192088
192147
192455
192459
192476
192487
192561
192629
192642
192689
192866
193089
193102
193290
193302
193313
193381
193502
193507
193537
193552
193671
193701
193962
193968
194049
194103
194233
194266
194308
194417
194481
194551
194565
194685
194696
194715
194755
194783
194820
194839
194842
194865
194977
195116
195221
195280
195295
195304
195315
195324
195376
195383
195400
195424
195440
195444
195550
195686
195796
195933
195995
196149
196249
196293
196367
196420
196530
196666
196807
196934
196967
196972
197023
197043
197056
197060
197227
197232
197313
197341
197480
197482
197605
197625
197754
197756
197900
198070
198093
198156
198168
198260
198316
198478
198480
198602
198603
198642
198645
198661
198664
198702
198811
198838
198873
198932
198935
199058
199149
199153
199188
199243
199268
199364
199395
199415
199470
199476
199504
199528
199603
199645
199674
199694
199738
199794
199942
200069
200143
200353
200372
200384
200444
200445
200451
200513
200581
200669
200687
200693
200958
200962
200967
201172
201402
201410
201463
201555
201658
201865
201922
201985
202014
202057
202106
202155
202185
202328
202450
202481
202501
